658
642
609
629
627
626
633
632
624
609
625
612
608
617
604
601
600
623
641
621
624
630
637
604
642
621
609
608
599
625
615
612
617
610
605
604
624
607
634
612
617
619
614
610
603
616
604
626
633
619
600
588
624
604
637
608
619
600
622
592
617
605
592
620
612
637
631
621
621
585
617
629
604
622
602
621
606
631
618
613
623
606
596
609
620
623
616
600
618
607
620
602
598
603
595
623
627
605
603
619
609
625
624
599
607
620
617
621
605
631
625
590
623
613
630
614
624
626
592
634
619
616
642
612
623
600
607
629
611
623
613
625
605
602
620
626
621
611
608
615
603
601
613
610
601
616
618
612
612
621
616
629
604
624
609
614
595
630
623
609
619
600
640
603
591
633
614
591
610
589
612
612
657
617
616
620
638
632
619
599
613
607
600
604
611
614
600
606
620
616
622
621
623
625
572
591
620
629
615
594
625
595
626
615
608
624
620
615
618
576
620
608
592
595
631
592
622
610
603
605
620
650
672
683
639
651
639
639
668
659
650
687
661
652
674
665
660
638
675
663
661
675
663
681
654
667
655
677
632
635
654
658
672
660
651
641
638
659
673
637
660
647
649
664
654
654
645
666
649
653
673
634
665
662
670
660
658
657
663
656
655
637
664
655
654
680
674
672
657
676
656
642
642
649
646
656
637
660
662
653
680
646
643
658
655
660
658
629
659
661
654
661
664
666
656
657
636
681
645
680
669
649
649
639
662
638
656
669
639
642
661
621
670
660
666
649
644
659
663
663
659
655
651
670
656
638
653
647
653
648
660
651
653
669
669
659
671
639
662
682
636
652
658
662
660
666
658
640
655
660
654
667
634
648
656
647
665
676
647
648
648
626
649
648
635
637
662
654
657
658
661
646
664
689
670
666
664
654
665
664
667
671
685
687
631
660
661
667
647
676
656
639
663
671
661
655
649
626
664
667
661
655
654
666
651
640
664
636
637
648
675
675
673
642
667
632
654
684
669
658
638
664
657
648
661
662
640
663
645
633
657
662
655
645
667
676
696
708
697
700
681
699
692
695
692
718
672
703
691
712
677
692
702
694
697
685
691
693
662
687
645
703
726
690
676
691
711
704
687
681
692
721
685
685
719
697
684
718
716
689
693
703
699
687
703
710
708
681
703
708
706
679
710
701
698
710
716
691
684
718
714
689
697
683
703
689
703
713
704
673
711
693
699
684
740
699
707
699
719
731
703
698
701
706
685
694
704
687
704
711
699
697
692
706
711
688
700
680
667
710
703
701
683
683
718
679
696
694
689
687
706
697
740
699
677
679
672
683
689
699
690
680
697
715
698
685
680
678
660
700
701
671
702
680
708
687
695
691
681
702
696
690
679
690
695
691
692
693
710
707
682
689
694
698
699
699
697
699
665
693
676
671
694
695
682
682
703
697
680
666
692
710
704
692
724
684
695
682
696
679
709
678
695
695
689
702
697
702
696
671
718
690
688
687
704
695
688
671
685
687
715
673
696
688
710
687
678
716
689
698
684
676
712
698
698
692
706
707
702
679
690
682
668
687
699
686
683
696
686
691
775
756
758
768
764
751
752
749
761
742
753
765
742
750
756
745
753
773
728
749
766
758
759
749
747
740
737
760
751
735
729
760
750
747
765
759
757
771
748
735
760
748
743
762
761
742
738
741
776
753
747
757
754
748
752
765
749
760
738
766
753
752
752
723
744
760
739
738
773
770
777
749
752
738
733
760
758
747
746
729
748
753
764
751
771
756
738
760
726
756
754
747
764
744
752
743
763
755
766
762
767
721
739
757
753
718
745
709
763
756
733
747
770
748
725
725
746
748
768
752
747
749
744
738
730
741
741
738
719
745
772
756
729
751
763
744
719
726
745
729
756
746
763
745
736
757
733
753
761
769
765
737
753
754
725
760
769
760
735
745
752
761
737
737
737
759
774
748
745
755
731
736
726
752
758
760
747
746
737
753
751
772
753
732
759
771
737
772
740
728
712
743
758
747
735
740
752
736
760
769
754
746
749
742
755
739
739
740
763
744
756
712
738
748
740
746
737
753
743
768
740
732
749
778
749
737
748
766
765
736
722
738
738
781
791
792
764
760
743
777
764
746
784
790
798
745
776
761
796
782
765
787
775
771
760
768
782
761
778
791
779
763
773
758
768
768
769
798
777
772
786
770
786
770
753
760
773
793
776
784
791
793
768
762
789
781
767
785
778
785
797
791
778
777
790
798
769
760
777
786
774
764
782
782
771
783
776
758
776
784
765
801
800
783
777
771
776
790
745
780
813
774
802
782
782
775
796
771
785
783
762
779
791
790
751
788
787
757
790
783
790
762
796
778
753
782
785
747
756
759
782
771
753
762
765
758
754
753
747
791
760
772
789
780
772
769
791
776
770
773
777
748
778
782
760
778
772
763
788
762
776
772
765
783
766
765
765
747
771
758
767
790
777
773
773
761
745
739
767
765
767
756
759
778
767
775
760
791
756
776
765
772
752
781
762
765
731
769
779
779
788
772
765
758
772
758
774
762
767
767
798
774
762
757
760
748
769
755
760
775
773
790
746
778
787
749
749
763
767
758
773
782
783
762
783
756
765
781
742
737
785
766
756
727
743
756
783
806
753
741
727
726
723
742
744
735
739
734
747
744
755
727
721
734
735
738
760
740
730
754
716
755
755
758
725
745
719
739
745
737
733
754
734
737
758
758
757
735
740
736
725
736
739
751
756
756
766
739
734
750
743
762
728
755
735
754
761
769
749
758
756
734
738
743
764
748
732
742
734
732
748
716
749
727
751
727
753
747
737
744
714
723
738
753
730
741
731
744
751
727
725
723
768
736
708
733
727
736
730
743
724
752
747
741
757
720
743
738
747
738
725
715
734
729
738
733
731
737
729
746
739
742
738
738
728
757
743
734
761
742
721
744
740
750
741
745
751
781
749
742
754
743
756
761
734
746
743
731
744
733
734
762
745
747
728
739
729
704
737
709
732
716
730
749
717
754
756
744
747
763
738
733
765
754
739
755
739
738
758
741
760
738
771
755
745
764
756
741
747
764
776
737
754
717
746
761
736
741
746
730
726
751
757
751
737
744
771
759
744
781
785
743
733
746
732
744
753
771
736
742
746
719
730
730
752
748
731
718
730
727
750
772
617
624
617
614
605
602
620
625
617
632
623
609
614
609
613
595
615
596
620
612
575
603
606
625
589
615
624
599
619
621
593
605
610
614
628
628
618
639
602
611
638
620
608
634
601
617
622
606
619
618
603
613
626
635
616
616
601
618
614
618
616
620
608
621
614
612
605
610
626
622
627
611
593
610
613
627
610
599
630
609
596
619
611
610
614
628
620
623
612
638
641
627
639
631
634
633
633
638
639
637
638
618
600
638
639
658
659
636
632
633
634
628
644
634
625
613
622
624
635
607
622
626
647
617
606
639
644
634
620
632
632
634
652
672
640
656
661
666
678
667
676
673
650
654
662
641
654
630
663
631
628
628
629
652
633
608
615
647
631
639
636
618
618
626
626
628
631
611
646
648
635
637
619
651
671
697
674
656
662
680
672
650
683
651
636
660
650
649
649
647
662
658
640
660
635
665
648
612
620
633
651
653
632
636
641
628
660
649
651
664
613
627
656
643
661
644
629
642
639
640
647
614
612
615
617
596
624
607
616
599
608
592
606
642
783
798
791
775
786
773
795
780
809
773
765
777
766
776
780
783
794
788
786
791
790
786
775
763
793
789
786
786
793
790
787
796
779
795
788
789
816
807
789
794
819
845
815
816
821
806
831
819
799
805
803
801
830
828
829
809
828
816
814
820
832
832
828
811
806
827
829
820
800
791
801
801
802
808
781
797
793
758
779
787
782
779
804
801
814
810
803
809
818
820
845
861
824
851
816
864
847
838
851
837
824
852
841
848
854
854
850
821
819
839
837
800
796
820
815
813
798
828
800
795
788
775
808
814
802
794
796
781
802
782
782
802
805
820
843
804
808
822
828
826
826
859
850
850
849
840
825
812
816
799
819
814
800
808
795
790
769
790
789
794
807
802
813
783
794
793
785
771
778
789
782
786
831
801
806
805
842
823
817
825
828
840
828
849
860
827
847
858
828
858
849
847
858
865
863
878
868
883
865
903
915
928
921
933
946
937
952
982
1005
1018
1049
1047
1084
1102
1127
1188
1192
1258
1261
1294
1277
1271
1238
1195
1158
1120
1118
1107
1075
1078
1055
1045
1026
1060
1047
1040
1018
994
978
999
971
957
977
931
949
957
922
920
918
900
917
917
896
886
886
883
887
872
868
879
875
868
852
837
865
859
848
874
835
888
889
866
867
896
895
902
904
921
916
922
916
902
901
898
896
895
872
865
898
892
895
906
937
953
916
926
948
933
920
946
930
920
903
881
881
871
849
817
824
822
828
802
797
806
806
804
798
809
818
822
815
828
824
824
858
836
844
841
866
840
875
850
856
872
855
841
834
856
879
886
885
880
864
888
904
861
819
830
825
820
820
846
827
844
826
825
812
810
852
813
844
825
864
850
845
859
837
871
893
900
914
915
936
955
964
976
965
959
967
951
961
932
911
926
904
895
901
873
861
869
857
869
877
850
861
872
862
873
878
870
869
884
903
898
886
893
932
937
958
976
1030
1097
1102
1143
1174
1175
1162
1097
1112
1179
1153
1129
1115
1116
1082
1093
1098
1081
1046
1105
1088
1038
1060
1089
1069
1080
1070
1078
1095
1078
1073
1081
1087
1093
1109
1148
1123
1146
1208
1183
1195
1189
1177
1136
1127
1089
1048
977
982
959
941
908
916
924
913
900
903
940
853
866
832
866
830
868
878
868
869
863
883
848
853
850
839
826
860
817
846
850
863
852
833
835
850
830
841
859
845
859
853
863
869
869
881
879
897
920
915
947
1000
988
1004
998
970
1033
1043
1027
1007
1003
986
981
942
946
976
959
990
1022
1038
1084
1093
1123
1102
1120
1092
1105
1083
1097
1091
1060
995
989
918
927
882
856
844
832
857
832
807
818
818
806
820
811
795
826
813
817
850
844
865
882
884
911
899
917
900
912
880
850
865
869
851
873
904
874
895
923
884
855
867
821
816
785
770
791
796
780
794
782
777
771
783
776
796
798
792
798
805
825
844
839
870
879
884
873
909
928
915
912
938
904
928
920
932
908
881
866
855
807
814
815
747
769
745
729
750
718
709
750
709
720
719
736
737
738
733
709
726
730
717
724
719
703
715
716
715
728
733
711
743
731
740
727
719
738
730
720
724
718
744
703
711
717
736
730
712
707
711
727
730
726
720
720
705
733
715
704
720
710
717
727
742
729
731
737
727
732
736
734
720
706
710
720
707
714
704
701
699
705
715
728
737
752
752
741
728
723
730
738
730
739
747
725
752
736
720
757
723
748
740
733
745
750
767
732
746
736
730
749
719
746
756
769
755
749
761
755
755
752
757
776
805
794
814
813
821
803
823
812
811
818
816
781
802
792
806
775
798
805
808
824
868
855
862
875
870
891
870
872
875
875
842
851
827
824
807
799
793
793
768
771
798
780
756
784
761
791
774
780
797
789
797
822
833
789
851
830
842
864
881
887
853
841
835
823
845
851
824
862
860
861
837
864
825
839
794
777
821
825
775
802
785
774
799
779
794
771
792
748
786
784
787
789
805
806
813
837
851
830
894
921
949
970
966
1000
1004
981
984
966
927
899
881
883
867
812
796
784
775
762
780
766
763
766
770
773
772
761
785
747
775
750
801
769
792
797
799
794
819
853
846
867
895
910
952
893
881
921
900
919
882
868
864
842
854
851
841
837
855
822
813
817
818
811
814
830
821
824
815
802
824
805
833
